GRID     18             447.7   -54.7902225.439
GRID     40             2050.   -42.8203596.
GRID     59             2050.   -39.68641080.
GRID     86             2418.   -5.684091800.
GRID     125            1844.64 21.329  596.


CBAR     360     61      9       24     1.      1.       0.
CQUAD4   13      3       39      28      29      40     .04674   0.
CTRIA3   15      4       47      56      46     -.140161 0.
CQUAD4*  63              13              121             110
*        111             122            -.00954          0.
CTRIA3*  82              18              155             162
*        154            .002099          0.

PBAR     61      101    254.469 5153.   5153.   10306.
        9.                      9.      -9.                     -9.
        .9      .9

PCOMP    1      -1.8            10000.   HILL
         201    .24     45.      YES     201    .24     -45.     YES
         201    .24      0.      YES     201    .12     90.      YES
         201    .24      0.      YES     201    .24     45.      YES
         201    .24     -45.     YES     201    .12      0.      YES
         201    .12     90.      YES     201    .12     90.      YES
         201    .12      0.      YES     201    .24     -45.     YES
         201    .24     45.      YES     201    .24      0.      YES
         201    .12     90.      YES     201    .24      0.      YES
         201    .24     -45.     YES     201    .24     45.      YES

PCOMP    22     -1.08           10000.   HILL
201    .12     45.      YES     201    .12     -45.     YES
201    .12      0.      YES     201    .12     90.      YES
201    .12      0.      YES     201    .12     45.      YES
201    .12     -45.     YES     201    .12      0.      YES
201    .12     90.      YES     201    .12     90.      YES
201    .12      0.      YES     201    .12     -45.     YES
201    .12     45.      YES     201    .12      0.      YES
201    .12     90.      YES     201    .12      0.      YES
201    .12     -45.     YES     201    .12     45.      YES

MAT1     102    110000. 41666.7 .32     4.45-6

FORCE    201     22      0      110.093  0.     -1.      0.

SPC1     1       123456  4
MPC      200001  129     2      -1.      136     2      1.